1615208360 0 1
1615208432 0 2
1615208543 0 3
1615208915 0 4
1615209216 0 5
1615210228 1 5
1615210580 2 5
1615210703 3 5
1615211078 4 5
1615392347 5 5
1615392436 6 5
1615583123 7 5
1616170807 8 5
1616361003 9 5
1616362213 10 5
1616363192 11 5
1616364098 12 5
1616593322 13 5
1617376695 14 5
1618245629 15 5
1618768710 16 5
1619009954 17 5
1619011360 18 5
1619624326 19 5
1619625659 20 5
1619625953 21 5
1619626444 22 5
1619627217 23 5
1619637971 24 5
1619638123 25 5
1619643518 26 5
1619654341 27 5
1619719218 28 5
1619720026 29 5
1619721631 30 5
1619722495 31 5
1619722948 32 5
1619789539 33 5
1619801696 34 5
1619893688 34 6
