1615208360 0 316
1615208432 0 517
1615208543 0 693
1615208915 0 697
1615209216 0 701
1615210228 2 701
1615210580 9 701
1615210703 9 701
1615211078 60 701
1615392347 231 701
1615392436 234 701
1615583123 321 701
1616170807 408 701
1616361003 411 701
1616362213 444 701
1616363192 720 701
1616364098 766 701
1616593322 1537 701
1617376695 1809 701
1618245629 1839 701
1618768710 1862 701
1619009954 2006 701
1619011360 2011 701
1619624326 2061 701
1619625659 2063 701
1619625953 2069 701
1619626444 2075 701
1619627217 2076 701
1619637971 2086 701
1619638123 2093 701
1619643518 2199 701
1619654341 2237 701
1619719218 2246 701
1619720026 2247 701
1619721631 2292 701
1619722495 2295 701
1619722948 2318 701
1619789539 2377 701
1619801696 2381 701
1619893688 2381 701
