1569961081 21
1569961209 21
1569961770 823
1569962111 824
1570566505 974
1570567613 985
1570567673 2306
1570568167 2336
1570569185 2326
1570570816 2329
1570757762 3743
1570817531 4310
1570822714 4312
1570823007 4676
1570826825 4804
1572733058 4817
1572733759 4817
1573057351 4862
1573250615 4900
1573256655 4970
1573256683 5016
1573438537 74802
1573438899 74799
1573439130 74799
1573440558 101800
1573440620 101800
1573575960 101908
1573852887 101913
1573852902 101913
1573853864 101916
1573857048 101950
1574200319 101951
1574654038 102055
1574656642 102063
1575583618 102213
1575669407 102277
1575751997 102326
1576014516 102334
1576039201 102334
1585347202 102336
1585347404 102336
1585348815 102337
1587161718 102375
1587161849 102395
