1570208134 10231
1570218709 10304
1570489762 10311
1570527058 10325
1570568121 10400
1570656753 10368
1570664341 10484
1570743540 10606
1570827106 10611
1570836063 10621
1571099039 10680
1571196519 10707
1571213537 10701
1571539706 10892
1571616185 10918
1571694250 10923
1572040050 10925
1572050124 10915
1572232828 11592
1572292139 11611
1572837658 11793
1573678612 12483
1573678734 12745
1573936339 12274
1573936526 13589
1573964540 13579
1574225644 13629
1574360637 13631
1574372370 13697
1574548205 13733
1574551602 13737
1574552642 13741
1574875991 13743
1575019206 14056
1575055837 14120
1575258430 14285
1575259019 14293
1575264514 14377
1575266133 14398
1575266507 14399
1575266556 14399
1575322901 14447
1575322933 14421
1575389471 14456
1575402318 14459
1575504739 14461
1575505279 14461
1575591764 14461
1575936094 14480
1575938552 14480
1575939733 14482
1576819408 14880
1576885855 14902
1576909798 14892
1577004211 14817
1577082922 15034
1577391559 15051
1578790506 16185
1578955141 16185
1578977987 16189
1579040052 16194
1579040255 16184
1579045230 16251
1579046204 16251
1579206488 16251
1579290624 16161
1579814651 16161
1580506100 16161
1580767129 16165
1580845574 16213
1581020651 16214
1581460798 16215
1581554220 16231
1581654348 16247
1581661078 16247
1581712414 16256
1581816950 16406
1581825741 16477
1581896610 16593
1581896959 16593
1582052893 16628
1582052983 16628
1582064381 16721
1582163188 16650
1582231771 16650
1582233631 16650
1582233975 16650
1582235496 16655
1582236134 16651
1582236829 16585
1582238802 16589
1582323025 16689
1582491093 17048
1582492361 17049
1582493243 17055
1582755761 17065
1583215801 17068
1583271783 17110
1583435387 17114
1583449915 17113
1583527526 17179
1583528367 17179
1583528438 17176
1584237775 17559
1584237903 17467
1585333272 17540
1585338163 17604
1585670260 17634
1586297129 17719
1586297190 17719
1586383428 17791
1586391136 17791
1586391535 17795
1586475782 17944
1586483148 17944
1586897979 17942
1587054481 18156
1587074159 18161
1587075219 18161
1587075984 18161
1587077069 18161
1587085187 18162
1587087367 18163
1587154861 18166
1587155032 18166
1587157697 18168
1587159195 18173
1587752256 18173
1587835328 18355
1592559095 18440
1592645507 18498
1593236297 18502
1595010999 18499
1595019747 18499
1595353581 18512
1596236438 18512
1597169353 18623
1616458674 18623
1616458687 18614
1616458701 18619
1616458708 18619
