1570208134 10231 0 0 0 0 0 0
1570218709 10408 0 0 0 0 0 0
1570489762 10455 0 0 0 0 0 0
1570527058 10555 0 0 0 0 0 0
1570568121 10633 0 0 0 0 0 0
1570656753 10677 0 0 0 0 0 0
1570664341 10806 0 0 0 0 0 0
1570743540 10933 0 0 0 0 0 0
1570827106 10952 0 0 0 0 0 0
1570836063 10968 0 0 0 0 0 0
1571099039 11031 0 0 0 0 0 0
1571196519 11063 0 0 0 0 0 0
1571213537 11064 0 0 0 0 0 0
1571539706 11268 0 0 0 0 0 0
1571616185 11301 0 0 0 0 0 0
1571694250 11313 0 0 0 0 0 0
1572040050 11317 0 0 0 0 0 0
1572050124 11327 0 0 0 0 0 0
1572232828 12055 0 0 0 0 0 0
1572292139 12086 0 0 0 0 0 0
1572837658 12295 0 0 0 0 0 0
1573066230 12295 0 0 0 0 0 0
1573077862 12296 0 0 0 0 0 0
1573244375 12476 0 0 0 0 0 0
1573246141 12513 0 0 0 0 0 0
1573253532 12529 0 0 0 0 0 0
1573597712 12530 0 0 0 0 0 0
1573615942 12544 0 0 0 0 0 0
1573671210 12598 0 0 0 0 0 0
1573678612 12598 0 0 700 0 0 0
1573678734 12598 0 0 700 0 0 0
1573795495 12630 0 0 700 0 0 0
1573850982 13896 0 0 700 0 0 0
1573873108 14098 0 0 700 0 0 0
1573936339 14098 0 0 977 0 0 0
1573936526 14098 0 0 977 0 0 0
1573964540 14107 0 0 977 0 0 0
1574225644 14159 0 0 977 0 0 0
1574360637 14161 0 0 977 0 0 0
1574372370 14227 0 0 977 0 0 0
1574548205 14276 0 0 977 0 0 0
1574551602 14283 0 0 977 0 0 0
1574552642 14301 0 0 977 0 0 0
1574875991 14306 0 0 977 0 0 0
1575019206 14683 0 0 977 0 0 0
1575055837 14750 0 0 977 0 0 0
1575258430 15043 0 0 977 0 0 0
1575259019 15064 0 0 977 0 0 0
1575264514 15201 0 0 977 0 0 0
1575266133 15229 0 0 977 0 0 0
1575266507 15238 0 0 977 0 0 0
1575266556 15240 0 0 977 0 0 0
1575317656 15298 0 0 977 0 0 0
1575322901 15298 0 0 1036 0 0 0
1575322933 15298 0 0 1036 0 0 0
1575389471 15298 0 0 1075 0 0 0
1575402318 15298 0 0 1083 0 0 0
1575504739 15352 0 0 1083 0 0 0
1575505279 15353 0 0 1083 0 0 0
1575591764 15355 0 0 1083 0 0 0
1575936094 15387 0 0 1083 0 0 0
1575938552 15388 0 0 1083 0 0 0
1575939733 15393 0 0 1083 0 0 0
1576819408 15800 0 0 1083 0 0 0
1576885855 15829 0 0 1083 0 0 0
1576909798 15895 0 0 1083 0 0 0
1577004211 15944 0 0 1083 0 0 0
1577082922 16202 0 0 1083 0 0 0
1577391559 16225 0 0 1083 0 0 0
1578790506 18814 0 0 1083 0 0 0
1578955141 18816 0 0 1083 0 0 0
1578977987 18824 0 0 1083 0 0 0
1579040052 18830 0 0 1083 0 0 0
1579040255 18831 0 0 1083 0 0 0
1579045230 18915 0 0 1083 0 0 0
1579046204 18916 0 0 1083 0 0 0
1579206488 18919 0 0 1083 0 0 0
1579290624 18970 0 0 1083 0 0 0
1579814651 18972 0 0 1083 0 0 0
1579818438 19031 0 0 1083 0 0 0
1580236503 19084 0 0 1083 0 0 0
1580506100 19085 0 0 1083 0 0 0
1580767129 19090 0 0 1083 0 0 0
1580845303 19141 0 0 1083 0 0 0
1580845574 19141 0 0 1083 0 0 0
1581020651 19142 0 0 1083 0 0 0
1581357143 19142 0 0 1083 104 0 0
1581357593 19142 0 0 1083 123 0 0
1581460798 19154 0 0 1083 123 0 0
1581554220 19181 0 0 1083 123 0 0
1581654204 19199 0 0 1083 123 0 0
1581654348 19199 0 0 1083 123 0 0
1581661041 19203 0 0 1083 123 0 0
1581661078 19203 0 0 1083 123 0 0
1581712414 19231 0 0 1083 123 0 0
1581813608 19231 0 0 1083 207 0 0
1581815198 19231 0 0 1083 209 0 0
1581816950 19231 0 0 1083 209 0 0
1581825674 19347 0 0 1083 209 0 0
1581825741 19347 0 0 1083 209 0 0
1581868080 19347 0 0 1083 328 0 0
1581896127 19461 0 0 1083 328 0 0
1581896550 19461 0 0 1083 328 0 0
1581896610 19461 0 0 1083 328 0 0
1581896929 19462 0 0 1083 328 0 0
1581896959 19462 0 0 1083 328 0 0
1582052893 19497 0 0 1083 328 0 0
1582052983 19523 0 0 1083 328 0 0
1582163188 19712 0 0 1083 328 0 0
1582233975 19752 0 0 1083 328 0 0
1582235496 19757 0 0 1083 328 0 0
1582236134 19758 0 0 1083 328 0 0
1582236829 19758 0 0 1083 328 0 0
1582238802 19763 0 0 1083 328 0 0
1582320043 19763 0 0 1083 342 0 0
1582322989 19763 0 0 1083 342 0 0
1582323025 19763 0 0 1083 342 0 0
1582491093 20132 0 0 1083 342 0 0
1582492361 20134 0 0 1083 342 0 0
1582493243 20142 0 0 1083 342 0 0
1582755761 20154 0 0 1083 342 0 0
1583215801 20157 0 0 1083 342 0 0
1583271627 20157 76 0 1083 342 0 0
1583271783 20157 76 0 1083 342 0 0
1583428048 20157 93 0 1083 342 0 0
1583435387 20157 93 0 1083 342 0 0
1583449915 20160 93 0 1083 342 0 0
1583527485 20228 93 0 1083 342 0 0
1583527526 20228 93 0 1083 342 0 0
1583528367 20229 93 0 1083 342 0 0
1583528438 20229 93 0 1083 342 0 0
1584209959 20229 199 0 1083 342 0 0
1584237775 21610 199 0 1083 342 0 0
1584237903 21627 199 0 1083 342 0 0
1585081655 21627 265 0 1083 342 0 0
1585083216 21627 269 0 1083 342 0 0
1585333227 22049 269 0 1083 342 0 0
1585333272 22049 269 0 1083 342 0 0
1585338131 22246 269 0 1083 342 0 0
1585338163 22246 269 0 1083 342 0 0
1585670260 22499 269 0 1083 342 0 0
1585944711 22499 391 0 1083 342 0 0
1585946125 22499 391 0 1083 342 0 0
1586296090 22613 391 0 1083 342 0 0
1586297082 22634 391 0 1083 342 0 0
1586297129 22634 391 0 1083 342 0 0
1586297190 22635 391 0 1083 342 0 0
1586367935 22635 422 0 1083 342 0 0
1586383369 22718 422 0 1083 342 0 0
1586383428 22718 422 0 1083 342 0 0
1586391103 22722 422 0 1083 342 0 0
1586391136 22722 422 0 1083 342 0 0
1586391509 22738 422 0 1083 342 0 0
1586391535 22738 422 0 1083 342 0 0
1586409574 22902 422 0 1083 342 0 0
1586475735 23054 422 0 1083 342 0 0
1586475782 23054 422 0 1083 342 0 0
1586483148 23055 422 0 1083 342 0 0
1586897979 23066 422 0 1083 342 0 0
1586899879 23066 461 0 1083 342 0 0
1587054348 23066 461 0 1083 342 0 0
1587054481 23066 461 0 1083 342 0 0
1587074159 23076 461 0 1083 342 0 0
1587075219 23077 461 0 1083 342 0 0
1587075984 23078 461 0 1083 342 0 0
1587077069 23079 461 0 1083 342 0 0
1587085187 23083 461 0 1083 342 0 0
1587087367 23084 461 0 1083 342 0 0
1587154861 23084 464 0 1083 342 0 0
1587155032 23084 465 0 1083 342 0 0
1587157697 23086 465 0 1083 342 0 0
1587159195 23095 465 0 1083 342 0 0
1587506413 23095 616 0 1083 342 0 0
1587746464 23095 625 0 1083 342 0 0
1587749584 23095 689 0 1083 342 0 0
1587750364 23095 690 0 1083 342 0 0
1587752256 23095 690 0 1083 342 0 0
1587788332 23095 714 0 1083 342 0 0
1587835328 23095 714 0 1083 342 0 0
1591984068 23095 726 0 1083 342 0 0
1592336005 23095 739 0 1083 342 0 0
1592559095 23182 739 0 1083 342 0 0
1592593342 23182 799 0 1083 342 0 0
1592645507 23182 799 0 1083 342 0 0
1593198747 23182 808 0 1083 342 0 0
1593236297 23182 808 0 1083 342 0 0
1594409885 23182 863 0 1083 342 0 0
1594748806 23182 866 0 1083 342 0 0
1595010801 23182 878 0 1083 342 0 0
1595010999 23182 878 0 1083 342 0 0
1595011125 23182 878 0 1083 342 3 0
1595019747 23182 878 0 1083 342 3 0
1595353581 23182 878 0 1083 342 3 0
1596222850 23182 878 0 1083 342 3 168
1596223712 23182 878 0 1083 342 3 172
1596234240 23182 878 0 1083 342 9 172
1596236438 23182 878 0 1083 342 9 172
1596820346 23182 878 0 1083 342 9 186
1596842479 23182 878 0 1083 342 9 219
1597165064 23182 878 0 1083 342 9 230
1597169353 23182 878 0 1083 342 9 230
1607724730 23182 878 0 1083 342 12 230
1609859376 23182 878 0 1083 342 24 230
1614742339 23182 878 0 1083 342 39 230
1615318371 23182 878 0 1083 342 56 230
1616458674 23182 878 0 1083 342 56 230
1616458687 23182 878 0 1083 342 56 230
1616458701 23182 878 0 1083 342 56 230
1616458708 23182 878 0 1083 342 56 230
