1608953262 0 1
1608953332 0 2
1608953598 0 3
1608998231 1 3
1609095722 2 3
1609183987 3 3
1609189103 4 3
1609432256 5 3
1609635711 6 3
1614998958 7 3
1615003949 8 3
1615143539 9 3
1615143889 10 3
1615687512 11 3
1615689643 12 3
1615689944 13 3
1615690063 14 3
1615690144 14 4
1616642095 14 5
1617121249 15 5
1617121300 15 6
1617475962 15 7
1617574102 16 7
1617574385 16 8
1617598046 17 8
1617644093 18 8
1617646927 19 8
1617652162 20 8
1617652347 20 9
1617678802 20 10
1617678825 20 11
1617849189 21 11
1618194624 22 11
1618199863 23 11
1618200418 23 12
1618423461 24 12
1618424163 24 13
1618523303 25 13
1619117961 26 13
1619147562 27 13
1619148134 27 14
1619148216 27 15
