1608953262 0 23
1608953332 0 144
1608953598 0 157
1608998231 51 157
1609095722 91 157
1609183987 307 157
1609189103 315 157
1609432256 409 157
1609635711 424 157
1614998958 451 157
1615003949 467 157
1615143539 472 157
1615143889 473 157
1615687512 476 157
1615689643 496 157
1615689944 506 157
1615690063 521 157
1615690144 521 157
1616642095 521 190
1617121249 539 190
1617121300 539 190
1617475962 539 220
1617574102 565 220
1617574385 565 220
1617598046 587 220
1617644093 596 220
1617646927 601 220
1617652162 611 220
1617652347 611 220
1617678802 611 220
1617678825 611 220
1617849189 640 220
1618194624 670 220
1618199863 681 220
1618200418 681 220
1618423461 707 220
1618424163 707 220
1618523303 727 220
1619117961 754 220
1619147562 767 220
1619148134 767 220
1619148216 767 220
