1536353336 83
1536360788 129
1536692504 157
1536694465 157
1536698461 158
1536698693 157
1536698873 164
1536953119 169
1538506364 434
1538572832 452
1539270297 454
1539365988 494
1539368735 495
1539371598 495
1539371931 495
1539640395 644
1539726541 644
1539728991 663
1539731856 663
1539880449 708
1539886558 714
1539886731 745
1539886852 748
1539978053 780
1540142003 802
1540244609 1178
1540256185 1178
1540256194 1180
1540262865 1382
1540262956 10338
1540263046 1382
1540263075 1383
1540263804 1383
1540269228 1384
1540269456 1372
1540270041 1375
1540305632 1413
1540305870 1416
1540307052 1438
1540307228 1439
1540307848 1451
1540310745 1450
1540312378 1477
1540312455 1477
1540313085 1480
1540329308 1490
1540330305 1491
1540384980 1505
1540596151 1553
1540596258 1557
1540674678 1560
1540870809 1573
1541023566 2384
1541778218 3776
1541791419 3775
1542145179 12776
1542151739 3801
1542251593 3870
1542254284 3866
1542258785 4004
1542259144 4016
1542261445 4056
1542262103 4073
1542263476 4083
1542263638 4091
1542264021 4099
1542305063 4120
1542305557 4132
1542391092 4132
1542392232 4134
1542401637 4135
1542404568 4136
1542405331 4136
1542406760 4144
1542408293 4153
1542415789 4160
1542424056 4184
1542485996 4183
1542486501 4184
1542493461 4194
1542495687 4251
1542517998 4255
1542518306 4288
1542523479 4298
1542560111 4306
1542560888 4310
1542560944 4304
1542562463 4310
1542566180 4350
1542574208 4385
1542583560 4379
1542650715 4378
1542651401 4380
1542661577 4380
1542663273 4380
1542667849 4504
1542681154 4522
1542681460 4527
1542727974 4533
1542731365 4542
1542734116 4542
1542768820 4600
1542769503 4603
1542770881 4606
1542773601 4651
1542776346 4658
1542823970 4660
1542824650 4671
1542825803 4705
1542827340 4705
1542827608 4704
1542842353 4730
1542848439 4739
1542848975 4742
1542849897 4748
1542855064 4761
1542855339 4767
1542855859 4775
1542855974 4781
1542860702 4806
1542862429 4806
1542869227 4817
1542909237 5120
1542911118 5125
1542959988 5125
1542960132 5167
1542997880 5159
1542998291 5157
1543000033 5131
1543000149 5131
1543001517 5139
1543002097 5141
1543012031 5106
1543012146 5107
1543012933 5113
1543013940 5113
1543014371 5123
1543016710 5196
1543016730 5198
1543029193 5204
1543031548 5215
1543033018 5221
1543039149 5221
1543040595 5220
1543041237 5223
1543042336 5225
1543042767 5225
1543043744 5223
1543046586 5299
1543079242 5303
1543079763 5303
1543081722 5305
1543088654 5307
1543088789 5433
1543089414 5473
1543090944 5484
1543125748 6024
1543193550 6019
1543259395 6107
1543261067 6109
1543263873 6129
1543263991 6138
1543264654 6170
1543264738 6223
1543268197 6242
1543268954 6243
1543269532 6249
1543270194 6249
1543270442 6249
1543336916 6258
1543337358 6284
1543337554 6400
1543350108 6416
1543370508 6406
1543370529 6424
1543511833 6436
1543512469 6424
1543513249 6449
1543513688 6458
1543513968 6458
1543514264 6460
1543523489 6482
1543589682 6484
1543589758 6525
1543591205 6566
1543592626 6606
1543592851 6610
1543593170 6611
1543613966 6730
1544589059 8653
1544595822 8687
1544646683 8712
1544647509 8744
1544649078 8833
1544734450 8931
1544740065 8935
1544740130 8953
1544740156 8956
1544740684 8974
1544742429 8997
1544748906 8997
1544753188 9019
1544753497 9024
1544759534 9037
1544763203 9082
1544806673 9131
1544807338 9122
1544812182 9133
1544850591 9142
1544850667 9166
1544916837 9181
1544918017 9163
1544934956 9172
1544935088 9180
1545349494 9178
1545349507 9391
1545349849 9384
1545353056 9385
1545361963 9436
1545364441 9443
1545368036 9524
1545368296 9520
1545368850 9502
1545369822 9501
1545370205 9509
1545370794 9522
1545371245 9526
1545372667 9580
1545445250 9589
1545445461 9599
1545445609 9609
1545445942 9615
1545446130 9624
1545458126 9652
1545546202 9651
1545587824 9674
1545588657 9673
1545590602 9672
1545592080 9693
1545592464 9693
1545593521 9704
1545594581 9713
1545595038 9705
1545596716 9727
1545597010 9734
1545597807 9734
1545598045 9762
1545601077 9759
1545603778 9764
1545623746 9764
1545623821 9764
1545625294 9769
1545626539 9799
1545627414 9815
1545677822 9853
1545680686 9945
1545681975 9954
1545682626 9958
1545683031 9980
1545806809 10004
1545807472 10015
1545807669 10015
1545808411 10039
1545808771 10040
1545809565 10032
1545810643 10143
1545810780 10153
1545858490 10166
1545858978 10165
1545865296 10234
1545932353 10234
1545932946 10233
1545934300 10490
1545935407 10530
1545935755 10533
1545936229 10546
1545944705 10546
1545947880 10551
1545948573 10552
1545949149 10570
1545949994 10594
1545953114 10637
1545953718 10632
1545968276 10617
1545969556 10662
1545970137 10667
1545971489 10681
1545976985 10918
1545979487 11023
1545979940 11021
1545982861 11069
1545983555 11071
1546027662 11108
1546031117 11108
1546031542 11228
1546031728 11237
1546035985 11249
1546037383 11349
1546037839 11351
1546038147 11368
1546039877 11648
1546040664 11764
1546041559 11780
1546058775 11781
1546062614 11788
1546064127 11802
1546064410 11806
1546118129 11836
1546119879 11846
1546120120 11844
1546124355 11802
1546155945 11899
1546303827 11900
1546304421 11899
1546311984 11935
1546316905 12001
1546321137 12007
1546323681 12110
1546326440 12110
1546326622 12110
1546326772 12156
1546326895 12156
1546327676 12200
1546329883 12196
1546330781 12218
1546388917 12220
1546395601 12230
1546403044 12247
1546404067 12245
1546405560 12265
1546415512 12224
1546453005 12202
1546453739 12212
1546454391 12220
1546454993 12229
1546457001 12223
1546480777 12244
1546545972 12294
1546547773 12299
1546981304 12299
1546981323 12309
1546981860 12317
1546989658 12317
1546989670 12360
1546989680 12384
1546991002 12448
1546995494 12448
1546995527 12496
1546995716 12496
1547000499 12497
1547002973 12504
1547008667 12504
1547010321 12507
1547010390 12544
1547010578 12563
1547013144 12573
1547014438 12578
1547159657 12582
1547159950 12576
1547160458 12558
1547161276 12590
1547163089 12597
1547164391 12597
1547165139 12632
1547479238 12632
1547479242 12699
1547483589 12715
1547483808 12720
1547484548 12754
1547579821 12799
1547588505 12799
1547602419 12799
1547603692 12799
1547608962 12829
1547617333 12828
1547617675 12827
1547655836 12870
1547656854 12873
1547657192 12873
1547657488 12876
1547687014 12878
1547741233 12877
1547741256 12897
1547741985 12908
1547742328 12887
1547742927 12876
1547743437 12868
1547776221 12892
1547776488 12902
1547779579 12908
1547781544 12913
1547836651 12912
1547837805 12942
1547838429 12950
1547838687 12957
1547949565 12959
1548003808 12964
1548086889 12986
1548102736 13089
1548117010 13084
1548117240 13073
1548117335 13073
1548124286 13073
1548180860 13100
1548181447 13102
1548218840 13105
1548269540 13837
1548292051 13809
1548300954 13809
1548301805 13814
1548304530 13804
1548304629 13796
1548428908 13775
1548429050 14417
1548430373 14406
1548431100 14409
1548432602 14438
1548434223 14561
1548443541 14661
1548447583 14661
1548449365 14662
1548800150 14675
1548800205 14610
1548989537 14641
1548989558 14691
1548991337 14708
1549038721 15102
1549060415 15117
1549060457 15121
1549060856 15121
1549078061 15179
1549294904 15187
1549295018 15193
1549383302 15298
1549383959 15329
1549383999 15331
1549384891 15416
1549385139 15425
1549386487 15428
1549387220 15429
1549609016 15447
1549609035 15503
1549609399 15447
1549638540 15503
1549638896 15509
1549640041 15380
1549640311 15380
1549640531 15380
1549641034 15519
1549660655 15530
1549660661 15573
1549662166 15585
1549663201 15590
1549745042 15590
1549920063 15831
1549983811 15834
1549984480 15842
1549985579 15845
1549986016 15841
1549987056 15858
1549989432 15865
1550243117 15831
1550243292 15847
1550243866 15849
1550246099 15859
1550246265 15862
1550254893 15966
1550261498 15973
1550265987 16047
1550336285 16048
1550597063 16048
1550597422 16050
1550598472 16068
1550624521 16162
1550629221 16172
1550694627 16188
1550695099 16190
1550851227 16190
1550851239 16372
1550851793 16416
1550853465 16459
1550856887 16500
1550857189 16515
1550857497 16530
1550864646 16572
1550869078 16536
1550871482 16558
1550874864 16596
1550874894 16596
1550875210 16635
1550875624 16635
1550875636 16638
1550877250 16667
1550877754 16709
1550893615 16729
1550987802 16735
1551029439 16732
1551030387 16690
1551031045 16684
1551031642 16685
1551108092 16685
1551108508 16602
1551109133 16599
1551109422 16610
1551109652 16606
1551110128 16605
1551110150 16607
1551136520 16680
1551136815 16669
1551142622 16669
1551199555 16701
1551217473 16703
1551217489 16751
1551217683 16751
1551219539 16775
1551228350 16781
1551232065 16844
1551237731 16852
1551241117 16856
1551494624 16854
1551496018 16843
1551497206 16861
1551498687 16866
1551501917 16919
1551502087 16872
1551502642 16895
1551503927 16921
1551504495 16940
1551505751 16955
1551507419 16984
1551553608 17055
1551555400 17044
1551599001 17057
1551599123 17058
1551599275 17058
1551599475 17068
1551599880 17081
1551600318 17079
1551660472 17079
1551660679 17092
1551662524 17110
1551663232 17166
1551664904 17224
1551666378 17196
1551668329 17199
1551668744 17203
1551732190 17185
1551732768 17174
1551734239 17174
1551735019 17174
1551735346 17144
1551735727 17145
1551736984 17145
1551737491 17153
1551738283 17145
1551739977 17153
1551740353 17158
1551742548 17158
1551757503 17162
1551758924 17168
1551759399 17186
1551760266 17188
1551841288 17213
1551842388 17267
1551842841 17267
1551843343 17297
1551844001 17325
1551844351 17331
1551898362 17326
1551899020 17327
1551916720 17352
1551917526 17371
1551918427 17383
1551918664 17383
1551920790 17422
1551923146 17422
1551923613 17434
1551925404 17450
1551926323 17450
1551936771 17450
1551936805 17467
1552084516 17511
1552085578 17520
1552177981 17527
1552178744 17542
1552179604 17612
1552186824 17637
1552187816 17611
1552189797 17659
1552321226 17677
1552323764 17675
1552422477 17676
1552422637 17676
1552423160 17688
1552423251 17688
1552423286 17688
1552423305 17688
1552423659 17696
1552434787 17696
1552437958 17701
1552516336 17741
1552516471 17741
1552516646 17741
1552516735 17742
1552519367 17793
1552520525 17843
1552520716 17843
1552596925 17858
1552597185 17861
1552597898 17862
1552599316 17861
1552681702 17868
1552682211 17868
1552682397 17884
1552972755 17993
1552975073 17997
1553007130 17975
1553007187 17971
1553008292 17974
1553010355 17993
1553010360 17983
1553015977 17988
1553385171 17989
1553385189 18578
1553483454 18572
1553484329 18661
1553487132 18693
1553487900 18699
1553488603 18704
1553534154 18716
1553534903 18721
1553556775 18734
1553557337 18740
1553557617 18740
1553557874 18740
1553567478 18535
1553571414 18974
1553632126 18986
1553633878 18999
1553633886 18999
1553634608 19002
1553634612 19003
1553735722 18967
1553736090 18971
1553890648 18972
1553890716 18972
1553891060 18972
1553891267 18972
1553892022 18972
1553892423 18972
1553893176 19367
1554059705 19572
1554094017 19593
1554094189 19593
1554133083 19593
1554135176 19599
1554137994 19667
1554217384 19673
1554217775 19680
1554237806 19695
1554240829 19722
1554240868 19723
1554432820 19798
1554821736 19777
1554821986 19786
1554823036 19813
1554823791 19804
1554824343 19807
1554840409 19807
1554841093 19807
1554844252 18287
1554850485 18324
1554852327 18380
1554857760 18461
1554949162 18464
1554951970 18481
1554990268 18599
1554990283 18587
1554991109 18588
1554991604 18609
1555026846 18608
1555102700 18608
1555103438 18608
1555177732 18608
1555177783 18664
1555338823 18996
1555339311 18997
1555369701 19001
1555371496 19020
1555371900 19022
1555372378 19028
1555372584 19039
1555376042 19038
1555376073 19038
1555384321 19057
1555446756 19062
1555482977 19872
1555483157 19969
1555546851 19995
1555549679 20130
1555611542 20134
1555611763 20130
1555612114 20130
1555612454 20152
1555615428 20172
1555619719 20184
1555619735 20199
1555732034 20198
1555787781 20225
1555787838 20274
1555792483 20390
1555792705 20395
1555793038 20395
1555865938 20400
1555869850 20412
1555967889 20485
1556052943 20584
1556053264 20584
1556165585 20584
1556166282 20598
1556166702 20596
1556229202 20693
1556238930 20783
1556289789 21207
1556416727 21366
1556417597 21373
1556480267 21409
1556480443 21445
1557121227 21423
1557123191 21534
1557124427 21627
1557166771 21647
1557167684 21644
1557169679 21711
1557170042 21718
1557173927 21738
1557174236 21739
1557189847 21709
1557194433 21617
1557499200 21653
1557499228 21658
1557502015 21700
1557503214 21722
1557526628 21690
1557527034 21692
1557528832 21692
1557532989 21739
1557533142 21741
1557538579 21743
1557539049 21763
1557549066 21650
1557549372 21650
1557553257 21663
1557556279 21656
1557556672 21645
1557556832 21625
1557557651 21608
1557595543 21613
1557597908 21719
1557601625 21727
1557602102 21730
1557767889 21850
1557771437 21973
1557802351 21973
1557805293 21983
1557807558 21984
1557808241 21984
1557809406 21963
1557811259 21918
1557813965 21839
1557815094 21843
1557846352 21841
1557846782 21854
1557847238 21854
1557850487 21918
1557854660 21946
1557891385 21965
1557942264 21948
1557942542 21965
1557942894 21976
1557942970 21980
1557944197 22052
1557945837 22138
1557945986 22138
1557949176 22161
1557954413 22195
1557954488 22175
1557955762 22195
1557957236 22213
1557972945 22213
1557976078 22220
1557979472 22189
1558147857 22272
1558148664 22295
1558150055 22295
1558329544 22315
1558329552 22323
1558331204 22372
1558332029 22417
1558333212 22525
1558333319 22533
1558333558 22529
1558379615 22715
1558390976 22845
1558471903 22870
1558476374 23227
1558490555 23237
1558575982 23156
1558577355 23167
1558577835 23212
1558580702 23214
1558582138 23234
1558631542 23236
1558632952 23262
1558819242 23267
1558819248 23989
1558824000 23983
1558824974 23988
1558828967 23991
1558828982 24025
1558832027 24056
1558922836 24058
1558922947 24001
1558924476 24007
1558925447 23996
1558928728 23987
1558930856 23990
1558986021 23996
1558990724 23995
1558994189 23998
1559005440 23982
1559071390 23985
1559150991 23993
1559152465 24004
1559152944 24001
1559238661 24001
1559238682 24008
1559242306 24022
1559242323 24026
1559376418 24076
1559377069 24078
1559440906 24088
1559503612 24191
1559504502 24204
1559505346 24211
1559516396 24367
1559516662 24369
1559516916 24390
1559519750 24416
1559521921 24417
1559526631 24437
1559529655 24455
1559529665 24480
1559618648 24485
1559620883 24534
1559621306 24551
1559622538 24612
1559623794 24631
1559624045 24631
1559624761 24631
1559625858 24634
1559675640 24670
1559677593 24688
1559678334 24689
1559679053 24692
1559679409 24694
1559681583 24756
1559683881 24777
1559705144 24783
1559726771 24820
1559727364 24830
1559758578 24830
1559762986 24858
1559763543 24866
1559767927 24892
1559789208 25059
1559789219 25099
1559789352 25097
1559789492 25097
1559796713 25110
1559800009 25174
1559808641 25179
1559809405 25191
1559810956 25194
1559811109 25195
1559812093 25223
1559812288 25227
1559812374 25227
1559838781 25227
1559839818 25235
1559840343 25241
1559840781 25265
1559841116 25256
1559841324 25233
1559841562 25233
1559842457 25233
1559843030 25246
1559854128 25283
1559856067 25294
1559940696 25941
1559944243 25949
1559952158 25957
1559970098 26043
1560187678 26030
1560188727 26050
1560189178 26070
1560192322 26069
1560193104 26024
1560193547 25981
1560193939 25985
1560205645 26079
1560218267 26108
1560225870 26198
1560229497 26218
1560229933 26236
1560230613 26227
1560233969 26191
1560235049 26192
1560238280 26246
1560289365 26317
1560314127 26317
1560315004 26320
1560316051 26307
1560570089 26780
1560571249 26787
1560574196 27003
1560575353 27073
1560575672 27099
1560576063 27138
1560635647 27236
1560636760 27274
1560637679 27316
1560642084 27334
1560644683 27341
1560652809 27365
1560656043 27498
1560656144 27499
1560750930 27526
1560751921 27527
1560753837 27626
1560754283 27624
1560754354 27624
1560803914 27640
1560807165 27655
1560808015 27664
1560894762 27902
1560894767 28051
1560895164 28051
1561343927 28446
1561760016 28448
1561760055 28358
1561789848 28363
1561824996 28363
1561825017 28363
1561825970 28341
1561828507 28347
1561829048 28342
1561829739 28377
1561838005 28376
1561908617 28376
1561910112 28387
1561911470 28395
1561911724 28405
1561911872 28409
1561912662 28437
1561913195 28420
1561913441 28426
1561913719 28430
1561914400 28446
1561914668 28450
1561915090 28465
1561915348 28470
1561915845 28475
1561917416 28594
1561920783 28645
1561931337 28666
1561931679 28659
1561941427 28666
1561944964 28659
1561946351 28689
1561949469 28695
1561949643 28700
1561949776 28688
1561950632 28688
1562083752 28659
1562086437 28667
1562086445 28730
1562086777 28730
1562106323 28791
1562118048 28815
1562280374 28839
1562283401 28810
1562294413 28936
1562294518 28936
1562448441 29008
1562448712 29126
1562450855 29139
1562452035 29152
1562465472 29152
1562465488 29155
1562529080 29199
1562535388 29237
1562542256 29250
1562542495 29264
1562543022 29268
1562543257 29269
1562543752 29269
1562548818 29266
1562695207 29267
1562695223 29254
1562703518 29252
1562704225 29233
1562704256 29234
1562705051 29237
1562706522 29206
1562707482 29203
1562707630 29443
1562714184 29431
1562714668 29432
1562714675 29441
1562719907 29471
1562720178 29477
1562721536 29477
1562722019 29476
1562726495 29469
1562730928 29479
1562731808 29510
1562734149 29546
1562735143 29558
1562736454 29585
1562736707 29587
1562736911 29590
1562737023 29592
1562737278 29592
1562737611 29585
1562738199 29619
1562738493 29626
1562738760 29627
1562738823 29627
1562740607 29625
1562740629 29634
1562740635 29713
1562741304 29727
1562745686 29843
1562746046 29866
1562746621 29871
1562817213 29871
1562818120 29970
1562818648 29972
1562819041 29970
1562819523 29968
1562819649 29972
1562820028 29972
1562820557 29968
1562905623 29970
1562905997 29970
1562906418 29987
1562907034 29995
1562911171 30079
1562911919 30082
1562959032 30071
1562961362 30069
1563207098 30087
1563207115 30088
1563339005 30088
1563340139 30119
1563340830 30129
1563344305 30228
1563344315 30235
1563346767 30246
1563346787 30304
1563347264 30320
1563347513 30322
1563421433 30318
1563421667 30321
1563423214 30345
1563423815 30357
1563425089 30354
1563425488 30354
1563429557 30467
1563430930 30535
1563770157 30531
1563770856 30616
1563771083 30632
1563772153 30638
1563773718 30638
1563774043 30638
1563774057 30653
1563776218 30675
1563818854 30674
1563860867 30674
1563865827 30813
1563899615 30824
1563903216 30824
1563904273 30833
1563906892 30863
1564079598 30797
1564418888 30787
1564422711 30859
1564423449 30886
1564424481 30888
1564424499 30922
1564425360 30956
1564425732 30963
1564455462 31011
1564456120 31043
1564548868 31175
1564551793 31181
1564552017 31184
1564949141 31183
1564949886 31183
1565301322 31183
1565301331 31232
1565575701 31232
1565584583 31275
1565586019 31312
1565586282 31315
1565586959 31319
1565588287 31331
1565588881 31345
1565593793 31023
1565596476 31023
1565647143 31027
1565650151 31047
1565657860 31109
1565806715 31111
1565811549 31069
1565811805 31073
1565812864 31082
1565813202 31106
1565815742 31122
1565817287 31122
1565821369 31145
1565822795 31154
1565827178 31200
1565895001 31206
1566084906 31225
1566098678 30416
1566098683 30482
1566100008 30493
1566143963 30491
1566158180 30492
1566160123 30492
1566160696 30516
1566178812 30341
1566181916 30345
1566183307 30346
1566183881 30357
1566185359 30357
1566186569 30357
1566186788 30360
1566187579 30358
1566188293 30358
1566193208 30377
1566193999 30393
1566195086 30412
1566247917 30433
1566255896 30481
1566320045 30485
1566320090 30485
1566325722 30483
1566333995 30496
1566334278 30496
1566334380 30496
1566334496 30496
1566345840 30500
1566355357 30500
1566361724 30485
1566418000 30495
1566419107 30512
1566435834 30518
1566580028 30524
1566580063 30525
1566580143 30526
1566580555 30522
1566580898 30523
1566581151 30525
1566581175 30526
1566589352 30543
1566589861 30365
1566590415 30365
1566622650 30389
1566625095 30395
1566627841 30394
1566873798 31512
1566876048 31532
1566876069 31552
1566942135 31550
1566953835 31549
1567048371 31517
1567049126 31509
1567049483 31513
1567049952 31513
1567050431 31516
1567058140 31516
1567058466 31512
1567059721 31517
1567060293 31522
1567144322 31526
1567145071 31528
1567145401 31530
1567145501 31542
1567146237 31544
1567175295 31553
1567177937 31572
1567179494 31612
1567188702 31610
1567190434 31613
1567193042 31613
1567193118 31613
1567450383 31615
1567535447 31672
1567621689 31694
1568044875 31706
1568046078 31712
1568264337 31713
1568306126 31737
1568354458 31738
1568494986 31743
1568497917 31725
1568738341 31725
1568741240 31736
1568757361 31741
1568760758 31743
1568835742 31743
1568867943 31754
1569015229 31767
1569072995 31767
1569073521 31774
1569073551 31779
1569357558 31796
1569515554 31864
1569522833 32256
1569522929 32564
1569535141 32564
1569686958 32574
1569701524 32593
1569864630 32597
1569979098 32601
1570080805 32606
1570081128 32622
1570081158 32624
1570128157 32628
1570128759 32629
1570224302 32630
1570224318 32654
1570225437 32659
1570244783 32659
1570461252 32674
1570559987 32674
1570570251 32732
1570656971 32750
1570656981 32751
1570726273 32752
1570727041 32760
1570898204 32761
1571158717 32964
1571234857 32959
1571511769 32937
1571599909 32937
1571780875 32948
1571780956 32948
1571780965 32944
1571786480 33057
1571797872 33069
1571942368 33288
1571942405 33293
1571944328 33296
1572297526 33300
1572985067 33322
1572989190 33322
1573248519 33332
1573313673 33355
1573314862 33335
1573577182 33398
1573855578 33424
1575524114 33426
1575828493 33426
1575922231 33503
1575922416 33507
1575922458 33491
1575922829 33491
1576035978 33490
1576036133 33561
1576036535 33559
1578781704 34412
1578847262 34412
1578931688 34420
1579215493 34422
1579215719 34422
1579272027 34422
1579273050 34420
1579274107 34420
1580852085 34411
1580852244 34416
1582306358 34419
1582659554 34464
1582843791 35253
1582924576 35253
1583634697 35275
1583634722 35927
1583705366 35930
1583705498 35933
1583774757 36018
1584029163 36194
1584030086 36198
1584030658 36203
1584031609 36213
1584032125 36167
1584032238 36166
1584032901 36166
1584033019 36169
1584033561 36218
1584033916 36218
1584034708 36220
1584047501 36582
1584054246 36652
1584055039 36652
1584055362 36652
1584055642 36655
1584066679 36655
1584067435 36656
1584745758 36657
1584753406 36609
1584755407 36713
1584756687 36733
1584757335 36736
1584759202 36740
1584831826 36740
1584832566 36738
1584839143 36916
1584839154 36949
1584839494 36962
1584839855 36976
1584841952 37063
1584857401 37119
1584858658 37152
1584859050 37160
1584903977 37198
1584916067 37198
1584917406 37197
1584917933 37197
1584918006 37197
1584918645 37202
1584919187 37207
1584924566 37221
1584925034 37251
1584925857 37250
1584928818 37306
1584929664 37328
1584930371 37329
1585341021 37329
1585344717 37334
1585344736 37338
1585544643 37338
1586207253 37350
1586207533 37351
1586210000 37365
1586212680 37341
1586289963 37371
1586290502 37374
1586401856 37379
1586402331 37380
1586404330 37272
1586408603 37013
1586408835 37016
1586409349 37016
1586409715 37016
1586410220 37016
1586411014 37016
1586457792 37074
1586803289 37074
1586803326 37074
1586805829 37065
1586814469 37225
1586820048 37276
1586820999 37290
1586821744 37311
1586830512 37310
1586900146 37270
1586904009 37272
1586904301 37278
1586917922 37282
1586918424 37282
1586920328 37283
1586922259 37270
1586923618 37285
1586967674 37253
1586969332 37262
1586969867 37028
1586970310 37039
1586970793 36617
1586971181 36629
1586973779 36623
1586975670 36624
1586998772 36630
1587093229 36664
1587093245 36674
1587095266 36673
1587096052 36679
1587097308 36700
1587097764 36735
1587176673 36735
1587180146 36728
1587184153 36727
1587247422 36753
1587256269 36748
1587259852 36762
1587259864 36776
1587259871 36880
1587408367 36887
1588125485 36905
1588125525 36904
1588125586 36907
1588125752 36911
1588127002 36924
1588127026 36928
1588127304 36943
1588127402 36943
1588131622 36944
1588134069 36953
1588135249 36979
1588136448 36984
1588136932 36982
1588137011 36982
1588138218 36991
1588139878 36983
1588263838 36884
1588266437 36895
1588308943 36898
1588312482 36931
1588312540 36817
1588526384 36852
1588542783 36851
1588543432 36855
1588544181 36855
1588544494 36855
1588550733 36849
1588552637 36875
1588554045 36887
1588554925 36928
1588556123 36940
1588611440 36939
1588612287 36943
1588613246 36950
1588992130 36950
1589224575 36954
1589226828 36954
1589226839 36955
1589226870 36957
1589227338 36965
1589228238 36966
1589228323 36964
1589245497 37004
1589310882 37011
1589311225 37007
1589311413 37008
1589312318 37003
1589312420 36995
1589313048 36996
1589313198 36996
1589314308 36996
1589385340 36996
1590509889 37278
1590511024 37307
1590511942 37303
1590512998 37303
1590521430 37303
1590521525 37303
1590522054 37302
1590522987 37302
1590524130 37338
1599068495 37339
1599068540 37339
1599799599 32864
1626140550 32870
